60 60 40 40 80 60 60 60 
20 10 5 20 20 10 10 20 20 20 10 10 5 20 10 10 10 10 5 20 10 10 20 10 10 10 20 20 10 10 10 20 20 5 5 5 
0 100 0 100 0 0 100 0 10 10 0 100 10 10 0 50 0 0 0 10 10 10 10 0 50 0 100 100 0 0 100 50 0 0 0 10 
100 0 0 100 10 10 0 0 0 10 50 0 100 0 0 100 0 0 0 100 0 10 100 100 0 10 0 0 0 10 0 0 0 0 0 100 
0 0 0 100 50 0 100 0 0 100 0 50 0 50 100 0 0 0 50 100 0 0 0 0 0 0 0 100 100 0 10 0 10 10 100 0 
100 100 100 0 100 10 10 10 100 0 100 10 0 100 50 0 0 0 100 0 0 10 0 0 100 0 0 0 100 0 0 10 50 0 0 0 
0 10 50 100 0 0 0 10 0 100 0 0 0 100 50 0 0 50 0 0 100 100 0 0 100 0 50 0 0 0 50 0 50 0 100 50 
0 10 0 10 0 0 100 0 100 0 10 0 0 0 10 100 10 0 0 0 0 0 0 10 10 10 0 100 50 0 0 0 0 100 0 0 
100 0 100 10 0 100 0 0 100 0 0 10 50 0 100 10 0 0 100 100 0 10 0 10 0 0 100 10 0 50 0 0 100 0 100 0 
0 0 0 10 10 0 0 0 100 0 100 0 10 50 0 50 0 0 10 10 50 10 0 0 0 0 0 0 0 0 0 0 0 0 10 10 
10 0 0 100 0 100 100 100 0 10 10 0 100 10 50 0 10 50 0 50 0 100 0 0 50 0 10 0 0 100 0 0 0 0 50 100 
10 10 100 0 100 0 0 0 10 0 0 50 0 50 0 0 0 10 100 100 0 100 0 100 0 0 100 0 0 100 0 100 0 0 50 100 
0 50 0 100 0 10 0 100 10 0 0 0 0 0 50 0 0 0 100 0 0 0 100 0 0 0 0 0 0 10 50 10 0 0 0 50 
100 0 50 10 0 0 10 0 0 50 0 0 100 0 0 100 0 0 0 0 100 0 50 0 0 0 10 100 0 50 0 100 0 0 10 0 
10 100 0 0 0 0 50 10 100 0 0 100 0 50 0 100 100 0 10 0 50 0 0 0 50 100 100 10 0 0 0 10 10 0 0 0 
10 0 50 100 100 0 0 50 10 50 0 0 50 0 50 10 0 50 0 100 0 0 0 0 0 0 0 100 0 50 0 0 10 0 100 10 
0 0 100 50 50 10 100 0 50 0 50 0 0 50 0 0 50 10 50 10 0 100 100 0 100 0 0 0 100 0 0 0 0 50 50 0 
50 100 0 0 0 100 10 50 0 0 0 100 100 10 0 0 0 0 0 100 50 0 50 0 50 0 0 50 100 0 100 0 50 50 10 0 
0 0 0 0 0 10 0 0 10 0 0 0 100 0 50 0 0 100 0 0 100 0 100 0 10 0 10 0 50 100 0 10 10 0 100 100 
0 0 0 0 50 0 0 0 50 10 0 0 0 50 10 0 100 0 100 10 100 0 0 100 100 10 10 10 50 100 0 0 100 0 10 0 
0 0 50 100 0 0 100 10 0 100 100 0 10 0 50 0 0 100 0 0 10 0 100 10 100 50 0 10 50 10 10 0 50 0 0 0 
10 100 100 0 0 0 100 10 50 100 0 0 0 100 10 100 0 10 0 0 0 100 0 10 0 50 0 0 50 50 0 100 0 0 0 50 
10 0 0 0 100 0 0 50 0 0 0 100 50 0 0 50 100 100 10 0 0 50 50 0 50 100 0 10 0 0 100 0 100 100 50 0 
10 10 0 10 100 0 10 10 100 100 0 0 0 0 100 0 0 0 0 100 50 0 0 10 0 10 0 10 100 0 100 0 10 50 100 50 
10 100 0 0 0 0 0 0 0 0 100 50 0 0 100 50 100 0 100 0 50 0 0 0 100 0 0 0 0 10 100 0 0 100 0 0 
0 100 0 0 0 10 10 0 0 100 0 0 0 0 0 0 0 100 10 10 0 10 0 0 50 0 0 0 0 0 0 0 10 0 0 0 
50 0 0 100 100 10 0 0 50 0 0 0 50 0 100 50 10 100 100 0 50 0 100 50 0 100 0 100 0 0 10 100 0 10 0 10 
0 10 0 0 0 10 0 0 0 0 0 0 100 0 0 0 0 10 50 50 100 10 0 0 100 0 10 0 0 0 0 10 50 0 100 100 
100 0 0 0 50 0 100 0 10 100 0 10 100 0 0 0 10 10 0 0 0 0 0 0 0 10 0 50 0 100 100 50 100 0 10 0 
100 0 100 0 0 100 10 0 0 0 0 100 10 100 0 50 0 10 10 0 10 10 0 0 100 0 50 0 0 0 0 100 50 100 50 10 
0 0 100 100 0 50 0 0 0 0 0 0 0 0 100 100 50 50 50 50 0 100 0 0 0 0 0 0 0 100 0 100 0 50 10 0 
0 10 0 0 0 0 50 0 100 100 10 50 0 50 0 0 100 100 10 50 0 0 10 0 0 0 100 0 100 0 100 100 50 0 0 10 
100 0 10 0 50 0 0 0 0 0 50 0 0 0 0 100 0 0 10 0 100 100 100 0 10 0 100 0 0 100 0 100 0 0 100 100 
50 0 0 10 0 0 0 0 0 100 10 100 10 0 0 0 10 0 0 100 0 0 0 0 100 10 50 100 100 100 100 0 10 100 0 0 
0 0 10 50 50 0 100 0 0 0 0 0 10 10 0 50 10 100 50 0 100 10 0 10 0 50 100 50 0 50 0 10 0 0 0 0 
0 0 10 0 0 100 0 0 0 0 0 0 0 0 50 50 0 0 0 0 100 50 100 0 10 0 0 100 50 0 0 100 0 0 0 0 
0 0 100 0 100 0 100 10 50 50 0 10 0 100 50 10 100 10 0 0 50 100 0 0 0 100 10 50 10 0 100 0 0 0 0 10 
10 100 0 0 50 0 0 10 100 100 50 0 0 10 0 0 100 0 0 50 0 50 0 0 10 100 0 10 0 10 100 0 0 0 10 0 
40 40 40 40 60 60 60 60 
10 5 20 20 5 10 10 10 10 10 5 10 5 10 20 5 10 5 10 10 5 10 10 10 5 20 10 10 20 20 20 20 20 20 
0 50 0 50 50 0 0 10 50 50 10 10 50 100 0 0 100 10 0 100 0 100 0 100 50 100 10 0 0 50 100 0 10 100 
50 0 100 50 0 0 50 100 0 0 0 10 50 10 0 0 10 0 0 100 10 0 100 0 100 0 10 0 0 0 50 100 0 0 
0 100 0 0 10 100 50 10 50 0 0 0 0 100 10 10 100 10 10 50 50 0 100 50 0 0 100 10 100 0 50 50 0 0 
50 50 0 0 10 0 0 50 10 0 0 50 100 0 0 0 50 100 0 0 0 0 0 0 0 0 0 0 0 100 0 0 50 0 
50 0 10 10 0 100 0 10 0 100 0 0 50 100 0 100 0 0 100 0 0 0 0 0 0 50 10 100 100 0 100 100 0 0 
0 0 100 0 100 0 0 100 50 0 0 0 0 10 0 10 10 10 100 100 10 0 10 0 100 50 0 100 10 0 0 100 0 10 
0 50 50 0 0 0 0 0 50 0 50 0 0 0 100 100 0 100 0 50 10 0 100 0 0 0 100 50 50 0 100 50 100 10 
10 100 10 50 10 100 0 0 50 0 100 10 0 0 0 0 50 0 0 10 0 0 0 10 0 50 0 0 100 100 0 0 100 10 
50 0 50 10 0 50 50 50 0 50 0 10 50 50 0 0 0 100 0 0 100 10 10 10 100 50 0 0 100 50 0 100 0 10 
50 0 0 0 100 0 0 0 50 0 100 50 100 0 10 100 50 50 10 0 0 0 100 0 100 0 0 0 0 0 100 10 0 100 
10 0 0 0 0 0 50 100 0 100 0 10 100 0 100 100 0 0 0 50 100 0 0 0 0 0 100 50 50 100 10 0 0 10 
10 10 0 50 0 0 0 10 10 50 10 0 0 100 0 0 0 0 100 0 0 0 0 0 0 0 100 0 50 10 0 50 0 50 
50 50 0 100 50 0 0 0 50 100 100 0 0 0 10 50 50 0 10 0 10 0 0 0 100 50 0 10 10 0 100 10 100 0 
100 10 100 0 100 10 0 0 50 0 0 100 0 0 100 10 0 0 0 0 0 0 10 50 10 100 100 50 100 100 10 50 0 0 
0 0 10 0 0 0 100 0 0 10 100 0 10 100 0 10 0 0 10 10 100 0 10 100 10 100 0 0 100 100 50 0 100 0 
0 0 10 0 100 10 100 0 0 100 100 0 50 10 10 0 0 100 0 50 50 100 0 0 100 10 0 50 50 100 0 10 10 100 
100 10 100 50 0 10 0 50 0 50 0 0 50 0 0 0 0 0 0 10 0 0 10 10 0 10 100 100 100 50 100 10 10 50 
10 0 10 100 0 10 100 0 100 50 0 0 0 0 0 100 0 0 0 50 0 50 0 0 0 0 0 0 0 0 0 100 0 50 
0 0 10 0 100 100 0 0 0 10 0 100 10 0 10 0 0 0 0 10 50 0 0 10 0 10 10 0 0 100 10 50 0 50 
100 100 50 0 0 100 50 10 0 0 50 0 0 0 10 50 10 50 10 0 0 50 0 100 0 10 0 0 100 100 50 10 100 100 
0 10 50 0 0 10 10 0 100 0 100 0 10 0 100 50 0 0 50 0 0 10 100 0 100 50 10 0 100 100 0 100 100 100 
100 0 0 0 0 0 0 0 10 0 0 0 0 0 0 100 0 50 0 50 10 0 10 0 0 0 0 0 50 10 50 50 10 0 
0 100 100 0 0 10 100 0 10 100 0 0 0 10 10 0 10 0 0 0 100 10 0 100 50 50 50 100 10 50 50 0 0 0 
100 0 50 0 0 0 0 10 10 0 0 0 0 50 100 0 10 0 10 100 0 0 100 0 0 0 0 10 0 10 0 100 0 50 
50 100 0 0 0 100 0 0 100 100 0 0 100 10 10 100 0 0 0 0 100 0 50 0 0 50 0 0 10 10 0 10 10 0 
100 0 0 0 50 50 0 50 50 0 0 0 50 100 100 10 10 0 10 10 50 0 50 0 50 0 0 0 0 0 10 0 0 0 
10 10 100 0 10 0 100 0 0 0 100 100 0 100 0 0 100 0 10 0 10 0 50 0 0 0 0 0 0 50 10 50 100 10 
0 0 10 0 100 100 50 0 0 0 50 0 10 50 0 50 100 0 0 0 0 0 100 10 0 0 0 0 50 0 0 100 0 100 
0 0 100 0 100 10 50 100 100 0 50 50 10 100 100 50 100 0 0 100 100 50 10 0 10 0 0 50 0 100 0 50 0 50 
50 0 0 100 0 0 0 100 50 0 100 10 0 100 100 100 50 0 100 100 100 10 50 10 10 0 50 0 100 0 10 0 100 0 
100 50 50 0 100 0 100 0 0 100 10 0 100 10 50 0 100 0 10 50 0 50 50 0 0 10 10 0 0 10 0 0 50 100 
0 100 50 0 100 100 50 0 100 10 0 50 10 50 0 10 10 100 50 10 100 50 0 100 10 0 50 100 50 0 0 0 100 0 
10 0 0 50 0 0 100 100 0 0 0 0 100 0 100 10 10 0 0 100 100 10 0 0 10 0 100 0 0 100 50 100 0 50 
100 0 0 0 0 10 10 10 10 100 10 50 0 0 0 100 50 50 50 100 100 0 0 50 0 0 10 100 50 0 100 0 50 0 
80 80 80 80 40 40 40 60 
20 5 10 20 20 5 5 10 10 10 10 10 20 10 10 20 20 10 5 10 5 20 5 20 20 20 5 10 5 10 10 20 10 5 10 20 10 5 10 10 20 10 
0 0 0 0 50 0 0 0 50 0 0 100 0 0 0 0 100 50 50 10 0 10 100 10 0 10 0 0 50 100 100 100 100 0 0 0 0 100 100 0 0 100 
0 0 0 50 100 50 10 0 100 0 100 10 100 0 0 100 0 100 10 0 10 0 0 0 0 0 10 100 50 100 0 0 0 0 0 50 0 0 0 100 0 10 
0 0 0 0 50 0 0 10 10 0 0 100 100 50 100 0 0 0 50 0 0 10 50 0 50 0 100 10 0 0 50 10 0 0 100 0 50 100 0 0 10 50 
0 50 0 0 100 100 0 0 0 100 0 10 0 0 50 50 0 50 10 0 0 50 50 100 50 10 10 50 10 0 100 0 0 0 0 0 0 0 0 0 10 100 
50 100 50 100 0 10 50 0 0 0 10 50 0 100 50 100 0 0 0 0 100 0 10 10 0 0 10 0 10 100 10 10 50 0 0 10 10 0 10 50 100 100 
0 50 0 100 10 0 0 0 0 0 10 100 50 100 50 50 100 0 0 100 0 0 0 0 50 0 0 100 0 0 0 0 0 0 10 0 50 0 0 0 0 0 
0 10 0 0 50 0 0 0 50 0 0 0 0 10 0 10 100 0 0 0 50 50 0 50 0 0 100 0 0 0 0 50 100 0 0 100 0 10 100 10 100 50 
0 0 10 0 0 0 0 0 10 0 100 100 100 0 50 50 0 0 100 10 50 0 100 50 0 50 10 100 0 100 100 0 10 100 100 50 0 0 0 0 10 0 
50 100 10 0 0 0 50 10 0 0 0 0 10 0 0 0 10 100 0 0 0 0 50 10 0 0 0 50 10 0 50 100 0 10 0 50 0 100 0 10 50 100 
0 0 0 100 0 0 0 0 0 0 0 0 10 0 10 0 50 100 50 0 0 0 100 50 50 0 100 0 0 0 50 0 100 100 10 10 0 0 0 0 0 100 
0 100 0 0 10 10 0 100 0 0 0 100 0 100 0 0 0 10 0 100 0 10 0 0 50 10 100 10 0 10 50 0 50 0 50 10 100 100 50 100 100 0 
100 10 100 10 50 100 0 100 0 0 100 0 100 0 0 100 0 50 0 0 0 50 0 10 0 0 0 10 0 0 100 100 0 0 100 0 0 0 50 10 0 50 
0 100 100 0 0 50 0 100 10 10 0 100 0 0 100 10 10 100 0 0 0 10 0 0 100 0 50 0 0 0 10 100 0 100 0 50 100 100 100 10 0 0 
0 0 50 0 100 100 10 0 0 0 100 0 0 0 50 0 100 0 100 100 50 0 100 0 50 10 0 0 0 10 0 100 100 50 50 0 0 0 50 0 100 0 
0 0 100 50 50 50 0 50 0 10 0 0 100 50 0 50 0 0 50 0 10 10 0 100 10 0 0 0 100 0 10 100 0 100 10 10 100 100 0 50 10 100 
0 100 0 50 100 50 10 50 0 0 0 100 10 0 50 0 0 0 0 0 0 0 0 50 50 0 10 100 0 0 100 0 0 50 0 50 10 10 0 10 0 0 
100 0 0 0 0 100 100 0 10 50 0 0 10 100 0 0 0 10 0 0 10 0 0 50 0 0 0 0 0 0 100 0 0 100 0 100 100 0 100 0 50 0 
50 100 0 50 0 0 0 0 100 100 10 50 100 0 0 0 10 0 10 0 100 0 0 10 50 50 0 0 0 0 100 0 100 10 0 0 100 50 0 0 10 0 
50 10 50 10 0 0 0 100 0 50 0 0 0 100 50 0 0 10 0 10 10 100 50 50 0 0 100 100 0 100 50 0 0 0 0 0 0 50 0 100 0 0 
10 0 0 0 0 100 0 10 0 0 100 0 0 100 0 0 0 0 10 0 0 0 100 0 10 0 100 50 100 100 100 0 0 0 0 0 50 0 0 10 0 10 
0 10 0 0 100 0 50 50 0 0 0 0 0 50 10 0 10 100 10 0 0 10 0 100 0 10 0 100 0 100 0 0 10 100 50 100 0 0 0 50 0 100 
10 0 10 50 0 0 50 0 0 0 10 50 10 0 10 0 0 0 100 0 10 0 100 0 100 0 0 100 50 0 10 100 0 0 10 0 100 50 0 0 10 0 
100 0 50 50 10 0 0 100 50 100 0 0 0 100 0 0 0 0 50 100 0 100 0 0 50 0 10 100 0 100 0 50 50 100 50 100 0 0 100 0 0 0 
10 0 0 100 10 0 50 50 10 50 0 10 0 0 100 50 50 10 50 0 100 0 0 0 100 50 0 10 10 50 0 100 10 50 0 0 0 50 50 100 10 50 
0 0 50 50 0 50 0 0 0 50 50 0 100 50 10 50 0 50 0 10 0 100 50 100 0 0 0 10 0 100 0 0 0 0 100 0 100 10 10 10 0 100 
10 0 0 10 0 0 0 50 0 0 10 0 0 10 0 0 0 50 0 0 10 0 0 50 0 0 10 100 0 0 50 0 50 100 50 10 0 0 0 10 0 0 
0 10 100 10 10 0 100 10 0 100 100 0 50 0 0 10 0 0 100 100 0 0 10 0 0 10 0 10 100 100 100 50 0 0 0 50 100 0 0 0 10 0 
0 100 10 50 0 100 0 100 50 0 10 10 0 0 0 100 0 0 100 50 100 100 100 10 10 100 10 0 0 0 0 10 100 100 50 0 0 0 0 0 0 10 
50 50 0 10 10 0 0 0 10 0 0 0 0 0 100 0 0 0 0 100 0 50 0 10 0 0 100 0 0 100 0 0 0 100 0 0 0 0 0 10 50 0 
100 100 0 0 100 0 0 100 0 0 10 0 0 10 0 0 0 0 100 100 100 0 100 50 100 0 100 0 100 0 0 10 100 50 50 0 0 0 10 0 0 0 
100 0 50 100 10 0 0 100 50 50 50 100 10 0 10 100 100 100 50 100 0 10 0 0 0 50 100 0 0 0 0 10 0 0 100 0 0 0 10 10 50 10 
100 0 10 0 10 0 50 0 100 0 0 100 100 100 100 0 0 0 0 0 0 100 50 100 0 0 50 10 0 10 10 0 0 100 0 0 0 10 0 100 0 10 
100 0 0 0 50 0 100 10 0 100 50 0 0 100 0 0 0 100 0 0 10 0 50 10 0 50 0 100 0 100 0 0 0 50 10 100 0 100 100 10 10 100 
0 0 0 0 0 0 0 100 10 100 0 0 100 50 100 50 100 10 0 0 100 0 100 50 0 100 0 100 100 50 0 100 50 0 0 0 0 10 0 0 0 100 
0 0 100 0 0 10 0 100 0 10 50 100 0 50 10 0 0 0 0 0 50 10 50 0 100 50 0 50 0 50 100 0 10 0 0 100 100 100 100 10 100 0 
0 50 0 0 10 0 100 50 50 10 10 0 50 0 10 50 100 0 0 0 100 0 100 0 0 10 50 0 0 0 0 0 100 0 100 0 0 0 50 50 0 0 
0 0 50 0 10 50 0 0 0 0 100 0 100 0 100 10 100 100 0 50 0 100 0 0 100 0 100 0 0 0 0 0 0 0 100 0 0 0 0 10 100 0 
100 0 100 0 0 0 10 0 100 0 100 0 100 0 100 10 0 50 50 0 0 50 0 50 10 0 0 0 0 0 0 10 100 10 100 0 0 0 100 0 0 0 
100 0 0 0 10 0 100 0 0 0 50 50 100 50 0 0 100 0 0 0 0 0 100 50 10 0 0 0 0 10 10 0 100 0 100 50 0 100 0 0 0 50 
0 100 0 0 50 0 10 0 10 0 100 10 10 0 50 10 0 0 100 10 50 0 0 100 10 10 0 0 10 0 10 100 10 0 10 50 10 0 0 0 100 100 
0 0 10 10 100 0 100 10 50 0 100 0 0 100 10 0 50 10 0 0 0 10 0 10 0 0 10 0 50 0 50 0 10 0 100 0 100 0 0 100 0 10 
100 10 50 100 100 0 50 0 100 100 0 50 0 0 100 0 0 0 0 10 100 0 0 50 100 0 0 10 0 0 10 10 100 100 0 0 0 0 50 100 10 0 
60 60 60 40 60 100 80 60 
10 10 20 10 20 10 5 10 10 5 10 5 20 10 5 10 5 20 20 10 20 10 10 20 20 10 5 20 5 5 20 10 20 20 20 20 20 5 10 10 10 5 
0 10 0 0 50 10 10 10 10 10 10 0 0 10 0 0 0 50 0 10 50 0 0 0 0 50 100 0 10 10 0 10 0 100 0 0 100 0 50 100 0 0 
10 0 50 0 0 100 0 50 0 10 100 0 0 0 0 100 0 0 100 50 0 0 0 10 0 100 0 10 0 50 10 0 50 0 10 0 0 0 10 100 0 10 
0 50 0 0 10 100 100 10 0 0 100 10 0 0 50 10 0 0 0 100 10 50 50 0 0 0 50 100 0 10 0 0 100 100 100 0 0 0 0 10 10 0 
0 0 0 0 50 100 0 0 0 10 0 100 10 10 50 50 10 0 10 10 0 0 0 0 10 100 0 100 100 100 100 10 100 0 0 50 0 100 0 10 50 100 
50 0 10 50 0 0 10 0 0 0 10 0 0 0 0 0 50 0 0 50 0 10 0 0 10 0 0 0 50 10 0 100 0 50 0 0 100 0 0 10 100 0 
10 100 100 100 0 0 0 0 0 0 10 100 0 100 50 50 100 0 10 0 100 0 10 0 0 100 0 0 0 50 100 10 0 100 100 0 100 0 10 0 10 100 
10 0 100 0 10 0 0 10 10 0 50 100 0 50 100 0 0 0 0 0 0 0 100 0 0 100 100 0 0 100 0 0 0 0 0 0 0 0 10 0 50 100 
10 50 10 0 0 0 10 0 0 50 0 50 50 100 50 50 0 10 0 0 10 10 0 50 0 100 0 0 50 100 0 100 0 0 0 0 10 10 50 100 0 0 
10 0 0 0 0 0 10 0 0 0 0 50 0 0 0 0 10 0 0 10 0 0 50 100 0 0 0 0 10 0 0 0 10 100 10 50 100 0 10 0 0 0 
10 10 0 10 0 0 0 50 0 0 0 100 50 0 100 0 10 10 100 50 100 0 10 50 0 0 100 10 10 0 0 0 100 0 0 100 100 50 100 50 100 100 
10 100 100 0 10 10 50 0 0 0 0 100 0 50 0 0 100 100 50 0 0 100 50 0 100 0 0 100 50 0 50 0 0 0 100 0 0 100 0 0 0 50 
0 0 10 100 0 100 100 50 50 100 100 0 100 0 100 10 50 0 100 0 100 0 0 0 0 0 0 0 0 100 50 0 10 0 0 100 100 0 0 10 0 0 
0 0 0 10 0 0 0 50 0 50 0 100 0 0 100 0 0 0 0 0 10 100 0 0 50 0 50 0 100 0 100 50 0 0 10 50 100 0 0 0 0 0 
10 0 0 10 0 100 50 100 0 0 50 0 0 0 10 100 10 0 100 0 10 0 0 100 0 50 0 50 0 50 0 0 50 0 0 100 10 100 0 100 0 50 
0 0 50 50 0 50 100 50 0 100 0 100 100 10 0 0 0 0 0 0 100 100 10 0 0 0 10 10 0 100 0 10 10 0 100 0 100 0 50 0 0 0 
0 100 10 50 0 50 0 50 0 0 0 10 0 100 0 0 0 0 100 100 0 0 0 100 0 0 10 0 0 0 0 0 0 0 100 100 0 0 0 0 100 0 
0 0 0 10 50 100 0 0 10 10 100 50 0 10 0 0 0 100 0 10 0 100 0 100 50 10 10 50 0 0 0 0 0 0 0 0 0 100 50 0 0 100 
50 0 0 0 0 0 0 10 0 10 100 0 0 0 0 0 100 0 100 0 50 100 50 100 10 50 50 10 100 0 0 100 10 50 0 100 0 50 0 100 100 0 
0 100 0 10 0 10 0 0 0 100 50 100 0 100 0 100 0 100 0 0 0 0 0 0 0 0 0 10 0 100 10 0 50 0 0 100 100 0 10 50 0 50 
10 50 100 10 50 0 0 0 10 50 0 0 0 0 0 100 10 0 0 0 0 50 0 0 0 0 10 0 50 10 0 0 0 0 0 10 50 100 10 100 100 0 
50 0 10 0 0 100 0 10 0 100 0 100 10 10 100 0 0 50 0 0 0 100 0 100 100 0 100 0 0 0 10 0 0 50 10 0 0 0 0 0 100 0 
0 0 50 0 10 0 0 10 0 0 100 0 100 0 100 0 100 100 0 50 100 0 50 0 0 50 0 0 50 0 10 0 100 0 0 0 10 100 0 0 10 100 
0 0 50 0 0 10 100 0 50 10 50 0 0 0 10 0 0 50 0 0 0 50 0 0 100 100 10 10 50 100 10 50 0 10 0 50 0 10 0 100 0 50 
0 10 0 0 0 0 0 50 100 50 0 0 0 100 0 100 100 100 0 0 100 0 0 0 0 0 0 0 10 100 0 100 100 0 0 50 100 0 100 100 50 50 
0 0 0 10 10 0 0 0 0 0 100 0 50 0 0 0 50 10 0 0 100 0 100 0 0 0 100 100 50 0 50 0 0 10 10 100 50 10 10 0 0 0 
50 100 0 100 0 100 100 100 0 0 0 0 0 50 0 0 10 50 0 0 0 50 100 0 0 0 0 50 0 0 100 0 100 10 50 0 100 0 10 0 0 100 
100 0 50 0 0 0 100 0 0 100 0 0 50 0 10 10 10 50 0 10 100 0 10 0 100 0 0 0 0 0 0 100 0 0 0 0 50 100 50 100 100 0 
0 10 100 100 0 0 0 0 0 10 100 0 0 50 10 0 50 10 10 0 0 0 10 0 100 50 0 0 10 0 50 0 100 50 50 50 10 0 100 0 50 0 
10 0 0 100 50 0 0 50 10 10 50 0 100 0 0 0 0 100 0 50 0 50 50 10 50 0 0 10 0 50 0 100 0 10 10 0 50 100 50 100 0 10 
10 50 10 100 10 50 100 100 0 0 0 100 0 50 100 0 0 0 100 10 0 0 100 100 0 0 0 0 50 0 0 100 100 10 0 0 10 0 100 0 0 0 
0 10 0 100 0 100 0 0 0 0 50 50 100 0 0 0 0 0 10 0 10 10 10 0 50 100 0 50 0 0 0 0 0 100 100 100 0 0 0 0 0 10 
10 0 0 10 100 10 0 100 0 0 0 0 50 0 10 0 0 100 0 0 0 0 50 100 0 0 100 0 100 100 0 0 10 0 50 50 0 0 0 0 0 100 
0 50 100 100 0 0 0 0 10 100 0 10 0 50 10 0 0 10 50 0 0 100 0 100 0 100 0 100 0 100 0 10 0 0 50 50 0 10 10 0 0 50 
100 0 100 0 50 100 0 0 100 0 0 0 0 0 0 0 0 50 0 0 50 0 10 0 10 10 0 50 10 10 100 0 0 0 50 0 0 0 50 0 0 100 
0 10 100 0 0 100 0 0 10 0 100 0 10 0 100 100 0 0 0 0 10 0 0 0 10 50 0 50 10 0 100 50 50 50 0 10 50 0 0 50 0 100 
0 0 0 50 0 0 0 0 50 100 0 100 50 100 0 100 0 100 100 10 0 0 50 50 100 0 0 50 0 0 100 50 50 0 10 0 0 100 100 10 10 100 
100 0 0 0 100 100 0 10 100 100 0 100 100 10 100 0 0 0 100 50 0 10 0 100 50 100 50 10 50 10 0 0 0 0 50 0 0 0 50 50 0 100 
0 0 0 100 0 0 0 10 0 50 100 0 0 100 0 0 100 50 0 100 0 100 10 0 10 0 100 0 100 0 0 0 10 0 0 100 0 0 0 100 0 0 
50 10 0 0 0 10 10 50 10 100 0 0 0 0 50 0 50 0 10 10 0 0 0 100 10 10 50 100 50 100 0 0 10 50 0 100 50 0 0 10 0 0 
100 100 10 10 10 0 0 100 0 50 0 10 0 100 0 0 0 100 50 100 0 0 100 100 0 0 100 0 100 0 0 0 0 0 50 10 50 100 10 0 0 50 
0 0 10 50 100 10 50 0 0 100 0 0 0 0 0 100 0 100 0 100 100 10 0 50 0 0 100 50 0 0 0 0 0 0 0 10 0 0 0 0 0 0 
0 10 0 100 0 100 100 0 0 100 50 0 0 50 0 0 100 0 50 0 0 100 50 50 0 100 0 0 10 0 10 100 50 100 100 100 100 0 0 50 0 0 
60 60 40 60 100 80 60 60 
20 10 10 5 20 20 10 5 10 10 10 20 5 5 5 10 20 5 20 5 20 5 5 20 5 20 20 10 10 10 10 10 5 10 20 20 10 10 5 5 5 20 10 10 10 5 5 
0 0 0 0 50 10 50 100 50 10 0 10 10 10 100 100 50 0 10 50 0 10 50 100 0 100 0 50 0 100 100 100 50 10 0 100 10 0 0 0 100 50 100 0 0 0 0 
0 0 100 100 0 50 100 100 0 50 10 0 100 10 50 10 10 0 100 0 0 0 10 100 50 50 0 0 0 0 0 100 50 0 50 50 0 0 100 100 100 10 10 0 100 10 100 
0 100 0 100 10 10 0 0 10 100 50 100 0 0 50 100 50 0 0 50 100 50 50 10 0 0 50 0 0 50 10 0 10 10 0 100 100 100 0 10 10 100 0 0 0 50 100 
0 100 100 0 100 0 100 10 50 10 100 0 10 50 0 100 0 10 100 50 50 10 0 100 100 0 100 50 100 0 100 50 100 10 100 50 10 100 50 10 100 0 0 10 10 100 0 
50 0 10 100 0 0 0 50 0 0 50 0 0 50 0 50 100 10 0 10 100 0 0 10 100 50 0 0 50 0 0 100 50 10 0 10 0 0 0 10 0 0 0 0 0 0 100 
10 50 10 0 0 0 0 0 0 0 100 0 10 100 0 0 50 100 10 0 50 50 50 0 0 0 10 0 10 50 0 0 10 10 0 0 100 0 0 100 0 10 100 100 0 50 100 
50 100 0 100 0 0 0 0 50 0 0 10 0 50 10 100 50 100 10 100 100 0 100 50 0 0 0 0 50 50 100 0 100 0 0 100 10 100 0 50 100 100 0 0 0 100 0 
100 100 0 10 50 0 0 0 100 10 50 50 0 10 0 0 0 50 50 10 0 0 0 0 0 0 100 100 0 0 100 0 50 0 10 0 0 10 100 50 50 0 10 0 100 0 50 
50 0 10 50 0 0 50 100 0 0 50 0 50 50 0 0 0 100 0 10 0 0 0 10 50 10 100 0 100 10 0 100 0 50 100 10 10 0 50 0 0 100 0 10 0 100 0 
10 50 100 10 0 0 0 10 0 0 100 100 50 100 0 0 50 50 50 50 0 100 0 0 100 0 10 0 0 100 10 0 100 100 100 0 0 0 0 100 0 0 100 0 0 0 0 
0 10 50 100 50 100 0 50 50 100 0 50 0 0 100 0 0 0 0 100 0 50 50 100 0 0 50 100 0 0 50 10 0 50 0 0 0 100 0 0 0 50 0 0 10 10 10 
10 0 100 0 0 0 10 50 0 100 50 0 10 100 10 100 0 0 0 0 10 10 0 0 50 0 0 100 50 100 0 50 0 50 100 100 50 0 0 50 0 0 10 10 0 0 0 
10 100 0 10 0 10 0 0 50 50 0 10 0 0 50 50 0 100 0 0 50 100 0 100 0 100 0 100 10 0 100 0 50 0 0 50 0 0 0 100 50 0 10 10 0 0 0 
10 10 0 50 50 100 50 10 50 100 0 100 0 0 100 0 100 0 100 100 10 0 10 100 100 50 50 50 100 0 0 0 50 0 50 100 100 0 50 50 0 10 0 50 0 50 0 
100 50 50 0 0 0 10 0 0 0 100 10 50 100 0 0 0 100 0 100 0 100 100 100 10 10 0 0 0 100 10 50 0 0 0 0 50 0 0 10 100 100 100 100 100 10 100 
100 10 100 100 50 0 100 0 0 0 0 100 50 0 0 0 0 10 10 10 0 0 100 0 10 10 100 10 0 100 0 0 100 100 0 50 0 0 100 0 0 0 0 100 0 0 0 
50 10 50 0 100 50 50 0 0 50 0 0 0 100 0 0 0 0 50 50 0 0 0 10 0 0 0 10 0 10 0 0 50 50 10 0 100 100 50 0 50 0 50 100 0 50 100 
0 0 0 10 10 100 100 50 100 50 0 0 100 0 100 10 0 0 0 0 10 10 10 0 0 0 0 0 0 50 0 0 50 100 0 0 0 0 0 0 50 50 0 0 0 100 10 
10 100 0 100 0 10 10 50 0 50 0 0 0 100 0 10 50 0 0 10 100 0 10 0 0 50 0 100 10 100 0 0 0 0 10 0 10 0 10 50 0 0 0 0 100 50 50 
50 0 50 50 10 0 100 10 10 50 100 0 0 100 100 10 50 0 10 0 0 0 0 50 100 0 10 0 50 100 100 0 100 0 0 10 0 0 0 100 10 100 0 0 0 10 0 
0 0 100 50 100 50 100 0 0 0 0 10 50 10 0 0 0 10 100 0 0 10 0 0 0 0 100 0 10 50 0 0 50 50 0 0 0 100 10 10 0 0 100 0 100 10 0 
10 0 50 10 0 50 0 0 0 100 50 10 100 0 100 0 0 10 0 0 10 0 100 10 0 0 10 100 10 100 0 0 50 100 10 50 50 0 0 0 10 100 10 0 100 0 0 
50 10 50 0 0 50 100 0 0 0 50 0 0 10 100 100 0 10 10 0 0 100 0 0 50 50 10 0 0 50 0 0 10 0 0 0 50 100 100 50 100 100 50 100 0 0 10 
100 100 10 100 10 0 50 0 10 0 100 0 100 100 100 0 10 0 0 50 0 10 0 0 0 100 50 10 10 50 0 100 10 10 0 0 50 10 50 50 0 0 0 0 0 0 100 
0 50 0 100 100 0 0 0 50 100 0 50 0 100 10 10 0 0 0 100 0 0 50 0 0 0 0 0 50 50 0 0 100 100 50 0 0 100 0 0 10 0 100 10 10 100 100 
100 50 0 0 50 0 0 0 10 0 0 0 100 50 10 10 0 0 50 0 0 0 50 100 0 0 0 50 0 10 0 0 100 0 50 0 50 0 0 0 100 0 0 0 50 0 0 
0 0 50 100 0 10 0 100 100 10 50 0 0 50 0 100 0 0 0 10 100 10 10 50 0 0 0 100 0 50 50 0 0 0 10 100 0 10 10 10 0 0 10 0 0 0 10 
50 0 0 50 0 0 0 100 0 0 100 100 100 50 0 10 10 0 100 0 0 100 0 10 0 50 100 0 100 50 0 0 0 0 100 100 10 0 0 0 0 100 0 0 50 100 0 
0 0 0 100 50 10 50 0 100 0 0 50 10 100 0 0 0 0 10 50 10 10 0 10 50 0 0 100 0 0 100 100 10 50 0 50 50 0 0 0 0 0 0 0 100 0 100 
100 0 50 0 0 50 50 0 10 100 0 100 0 0 100 100 10 50 100 100 50 100 50 50 50 10 50 50 0 0 10 0 100 0 10 0 10 0 0 100 0 10 0 100 0 0 0 
100 0 10 100 0 0 100 100 0 10 50 0 100 0 10 0 0 0 0 100 0 0 0 0 0 0 50 0 100 10 0 0 10 100 0 100 10 0 0 0 0 10 50 100 50 100 0 
100 100 0 50 100 0 0 0 100 0 10 50 0 0 50 0 0 0 0 0 0 0 0 100 0 0 0 0 100 0 0 0 10 100 0 0 0 100 100 0 0 0 50 100 50 10 0 
50 50 10 100 50 10 100 50 0 100 0 0 50 50 0 100 50 50 0 100 50 50 10 10 100 100 0 0 10 100 10 10 0 0 0 0 10 100 0 0 0 0 0 0 50 0 50 
10 0 10 10 10 10 0 0 50 100 50 50 0 0 0 100 50 100 0 0 50 100 0 10 100 0 0 0 50 0 100 100 0 0 0 0 100 50 100 0 10 0 0 50 50 0 0 
0 50 0 100 0 0 0 10 100 100 0 100 0 50 0 0 10 0 10 0 0 10 0 0 50 50 10 100 0 10 0 0 0 0 0 100 0 10 100 0 10 0 10 100 0 100 0 
100 50 100 50 10 0 100 0 10 0 0 100 50 100 0 50 0 0 0 10 0 50 0 0 0 0 100 100 50 0 100 0 0 0 100 0 100 10 100 0 0 0 0 0 50 0 100 
10 0 100 10 0 100 10 0 10 0 0 50 0 100 50 0 100 0 10 0 0 50 50 50 0 50 0 10 50 10 10 0 10 100 0 100 0 0 0 10 100 100 10 100 0 0 0 
0 0 100 100 0 0 100 10 0 0 100 0 0 0 0 0 100 0 0 0 100 0 100 10 100 0 10 0 0 0 0 100 100 50 10 10 0 0 100 0 0 50 100 10 0 10 50 
0 100 0 50 0 0 0 100 50 0 0 0 0 50 0 100 50 0 10 0 10 0 100 50 0 0 10 0 0 0 0 100 0 100 100 100 0 100 0 0 10 50 0 100 0 0 0 
0 100 10 10 10 100 50 50 0 100 0 50 100 50 10 0 0 0 50 100 10 0 50 50 0 0 10 0 0 100 0 0 0 0 0 0 10 0 0 0 100 100 10 0 0 0 50 
100 100 10 100 0 0 100 50 0 0 0 0 50 0 100 0 50 50 0 10 0 10 100 0 10 100 0 0 0 0 0 0 0 10 10 0 100 0 10 100 0 50 50 0 50 0 10 
50 10 100 0 0 10 100 0 100 0 50 0 0 10 100 0 0 50 0 100 0 100 100 0 0 0 0 100 0 10 10 0 0 0 0 0 100 50 50 100 50 0 50 100 0 0 100 
100 10 0 0 0 100 0 10 0 100 0 10 10 0 100 0 50 0 0 0 100 10 50 0 100 0 10 0 0 0 50 50 0 0 10 0 10 100 0 10 50 50 0 50 0 0 50 
0 0 0 10 0 100 0 0 10 0 0 10 10 50 100 100 100 0 0 0 0 0 100 0 10 0 0 0 0 100 100 100 0 50 100 0 100 10 100 0 0 100 50 0 0 50 0 
0 100 0 10 0 0 0 100 0 0 10 0 0 0 100 0 0 0 100 0 100 100 0 0 10 50 0 50 100 0 50 50 50 50 0 50 0 0 0 0 50 0 0 0 0 50 0 
0 10 50 100 0 50 100 0 100 0 10 0 0 50 10 0 50 100 50 10 10 0 0 0 100 0 0 100 0 0 100 10 0 0 100 0 0 10 0 0 0 0 0 50 50 0 10 
0 100 100 0 100 100 0 50 0 0 10 0 0 0 100 0 100 10 50 0 0 0 10 100 100 0 10 0 100 0 0 0 50 0 0 100 0 50 0 50 10 100 50 0 0 10 0 
100 60 60 60 60 100 60 60 
10 20 10 10 20 10 20 5 20 10 10 10 10 10 10 10 10 20 20 20 10 5 10 10 10 5 5 5 10 20 10 20 20 10 20 10 10 20 5 10 10 20 10 20 10 
0 100 100 10 10 0 50 0 10 50 0 0 100 100 0 50 0 10 10 0 100 10 0 0 100 10 100 0 10 0 0 10 0 100 0 10 10 10 50 0 0 10 0 0 10 
100 0 0 0 0 50 50 0 50 0 0 0 0 100 100 0 50 0 0 0 100 0 100 50 100 50 100 50 0 0 100 0 0 100 0 10 0 100 0 100 0 10 0 50 0 
100 0 0 100 0 100 100 0 10 10 0 50 0 0 100 0 0 0 10 100 0 0 10 0 10 100 10 100 50 50 0 0 0 100 0 100 10 10 50 0 0 50 0 0 100 
10 0 100 0 100 0 100 0 0 0 0 0 0 0 100 100 50 0 100 10 100 100 0 0 50 0 0 0 10 10 0 50 50 100 0 50 10 50 0 0 0 0 10 50 50 
10 0 0 100 0 100 0 0 0 10 0 10 50 10 0 100 0 10 0 10 100 0 50 0 0 0 50 10 50 100 50 100 100 0 0 0 100 0 0 10 0 50 100 0 0 
0 50 100 0 100 0 10 10 100 0 0 0 100 50 10 0 100 10 50 0 0 100 0 100 0 0 10 50 0 10 0 50 10 10 50 0 0 0 100 0 0 100 100 100 0 
50 50 100 100 0 10 0 10 0 0 10 0 50 0 10 10 50 0 0 100 0 100 0 0 0 100 50 100 0 0 0 0 100 50 0 100 0 10 10 0 0 50 100 0 0 
0 0 0 0 0 10 10 0 0 0 100 0 0 0 100 0 10 0 100 50 100 50 50 0 0 0 10 100 0 0 0 10 10 0 0 0 0 0 0 50 0 0 50 50 0 
10 50 10 0 0 100 0 0 0 0 0 10 10 0 0 0 100 0 10 50 10 100 0 100 0 0 50 50 10 100 50 100 0 0 100 50 0 50 0 0 0 100 0 100 100 
50 0 10 0 10 0 0 0 0 0 0 50 0 50 100 100 50 100 0 100 0 0 50 10 50 50 0 0 10 0 50 0 50 50 10 0 50 0 100 0 0 100 100 0 100 
0 0 0 0 0 0 10 100 0 0 0 0 0 10 0 50 10 0 0 0 0 0 0 50 100 0 0 10 10 0 50 0 10 50 0 0 0 10 0 0 0 100 100 0 100 
0 0 50 0 10 0 0 0 10 50 0 0 100 10 0 50 0 10 50 0 10 100 0 0 0 100 0 0 100 0 0 0 0 100 100 10 10 100 100 0 100 50 0 0 100 
100 0 0 0 50 100 50 0 10 0 0 100 0 50 100 0 0 0 50 10 10 0 0 0 50 10 0 0 0 0 0 0 100 0 0 0 0 0 0 0 0 0 0 0 100 
100 100 0 0 10 50 0 0 0 50 10 10 50 0 50 0 10 0 50 100 10 0 10 0 0 100 0 0 0 100 50 0 0 0 50 0 0 100 0 0 100 0 0 0 100 
0 100 100 100 0 10 10 100 0 100 0 0 100 50 0 0 10 100 50 0 0 0 0 0 0 50 50 0 0 0 0 50 0 100 10 100 10 100 100 100 0 100 0 50 0 
50 0 0 100 100 0 10 0 0 100 50 50 0 0 0 0 0 0 0 50 50 0 50 0 0 0 50 0 50 0 0 10 0 0 0 50 100 100 50 10 0 0 0 0 0 
0 50 0 50 0 100 50 10 100 50 10 0 0 10 10 0 0 10 100 10 0 0 100 0 100 0 50 100 10 100 0 0 10 100 10 0 0 10 10 100 50 0 0 50 0 
10 0 0 0 10 10 0 0 0 100 0 10 0 0 100 0 10 0 0 100 100 0 0 0 100 50 100 0 0 0 50 0 100 100 0 0 0 0 0 100 50 0 0 100 0 
10 0 10 100 0 50 0 100 10 0 0 50 50 50 50 0 100 0 0 50 100 0 0 0 10 50 0 50 50 0 10 100 10 100 0 100 100 0 0 0 0 0 10 0 50 
0 0 100 10 10 0 100 50 50 100 0 0 10 100 0 50 10 100 50 0 0 10 10 100 0 100 0 100 0 0 50 50 100 0 10 50 100 0 10 0 100 100 100 0 100 
100 100 0 100 100 0 0 100 10 0 0 10 10 10 0 50 0 100 100 0 0 0 0 50 50 0 0 0 10 50 0 10 0 0 100 0 0 50 0 50 0 0 0 0 0 
10 0 0 100 0 100 100 50 100 0 0 100 0 0 0 0 0 0 0 10 0 0 0 50 100 100 10 0 50 100 0 0 100 50 0 10 0 100 0 0 0 0 0 0 100 
0 100 10 0 50 0 0 50 0 50 0 0 0 10 0 50 100 0 0 10 0 0 0 0 0 50 0 0 100 0 0 0 0 100 0 50 100 50 0 100 0 0 10 50 0 
0 50 0 0 0 100 0 0 100 10 50 0 0 0 0 0 0 0 0 100 50 50 0 0 0 0 100 100 0 0 0 0 100 0 0 0 0 100 0 0 50 0 100 0 0 
100 100 10 50 0 0 0 0 0 50 100 0 50 0 0 0 100 100 10 0 50 100 0 0 0 50 50 100 10 100 0 0 100 0 10 50 10 0 0 100 10 100 50 0 0 
10 50 100 0 0 0 100 0 0 50 0 100 10 100 50 0 0 50 50 100 0 100 50 0 50 0 0 50 10 0 0 100 50 0 0 0 50 50 50 0 0 0 0 0 50 
100 100 10 0 50 10 50 10 50 0 0 0 0 0 50 50 50 100 0 0 0 10 0 100 50 0 0 0 100 10 0 100 50 0 0 0 0 0 0 0 0 50 0 100 50 
0 50 100 0 10 50 100 100 50 0 10 0 0 0 0 0 100 0 50 100 0 0 0 100 100 50 0 0 0 0 50 0 0 100 50 0 0 0 0 50 50 100 10 50 0 
10 0 50 10 50 0 0 0 10 10 10 100 0 0 0 50 10 0 50 0 10 50 100 0 10 10 100 0 0 50 0 0 0 0 0 0 0 100 100 10 100 0 0 0 100 
0 0 50 10 100 10 0 0 100 0 0 0 0 100 0 0 100 0 0 0 50 100 0 0 100 0 10 0 50 0 0 100 0 0 0 0 0 50 100 10 0 0 0 0 0 
0 100 0 0 50 0 0 0 50 50 50 0 0 50 0 0 0 50 10 50 0 0 0 0 0 0 0 50 0 0 0 0 0 0 10 0 0 0 50 100 10 0 50 0 0 
10 0 0 50 100 50 0 10 100 0 0 0 0 0 50 10 0 0 100 50 10 0 0 0 0 100 100 0 0 100 0 0 50 0 100 0 10 0 100 100 0 0 100 50 100 
0 0 0 50 100 10 100 10 0 50 10 0 100 0 0 0 10 100 10 100 0 100 0 100 100 50 50 0 0 0 0 50 0 100 10 50 0 0 0 0 0 0 0 0 0 
100 100 100 100 0 10 50 0 0 50 50 100 0 0 100 0 100 100 100 0 0 50 100 0 0 0 0 100 0 0 0 0 100 0 0 50 0 0 0 0 0 100 50 0 50 
0 0 0 0 0 50 0 0 100 10 0 100 0 50 10 0 10 0 0 10 100 0 0 0 10 0 0 50 0 0 10 100 10 0 0 0 0 0 100 0 100 50 50 100 100 
10 10 100 50 0 0 100 0 50 0 0 10 0 0 100 50 0 0 100 50 0 10 50 0 50 0 0 0 0 0 0 0 50 50 0 0 100 0 100 100 0 0 100 0 0 
10 0 10 10 100 0 0 0 0 50 0 10 0 0 10 100 0 0 100 100 0 0 100 0 10 50 0 0 0 0 0 10 0 0 0 100 0 0 50 10 50 0 50 50 0 
10 100 10 50 0 0 10 0 50 0 10 100 0 100 100 100 10 0 0 0 50 100 50 100 0 50 0 0 100 50 0 0 0 0 0 0 0 0 100 0 100 0 0 0 100 
50 0 50 0 0 100 10 0 0 100 0 100 0 0 100 50 10 0 0 10 0 0 0 0 0 50 0 0 100 100 50 100 0 0 100 100 50 100 0 0 50 0 50 0 0 
0 100 0 0 10 0 0 50 0 0 0 0 0 0 100 10 100 100 0 0 50 0 100 0 100 0 0 50 10 10 100 100 0 0 0 100 10 0 0 0 0 0 0 0 100 
0 0 0 0 0 0 0 0 0 0 0 100 0 100 0 0 50 50 0 100 0 0 0 50 10 0 0 50 100 0 10 0 0 0 100 0 50 100 50 0 0 0 100 0 0 
10 10 50 0 50 100 50 0 100 100 100 50 0 0 100 0 0 0 0 100 0 0 0 0 100 0 50 100 0 0 0 0 0 100 50 0 0 0 0 0 0 0 0 0 10 
0 0 0 10 100 100 100 50 0 100 100 0 0 0 0 0 0 0 10 100 0 0 10 100 50 0 0 10 0 0 50 100 0 50 50 100 50 0 50 0 100 0 0 10 10 
0 50 0 50 0 100 0 50 100 0 0 0 0 0 50 0 50 100 0 0 0 0 50 0 0 0 100 50 0 0 0 50 0 0 100 0 50 0 0 0 0 0 10 0 100 
10 0 100 50 0 0 0 0 100 100 100 100 100 100 0 0 0 0 50 100 0 100 0 0 0 50 50 0 100 0 0 100 0 50 100 0 0 100 0 100 0 10 10 100 0 
80 100 80 100 60 80 60 80 
10 20 5 5 10 5 10 20 5 20 5 20 10 5 10 20 20 5 10 10 5 20 20 20 20 5 10 20 20 5 5 20 20 20 10 5 10 10 10 10 20 20 10 10 10 5 20 10 5 10 10 5 10 5 
0 50 0 10 50 10 100 0 0 0 0 10 10 0 50 50 0 10 0 0 0 50 100 100 10 50 100 0 0 0 0 0 50 100 0 0 50 0 10 100 100 50 0 50 0 10 10 0 0 50 100 0 0 100 
50 0 0 0 0 0 100 0 0 0 0 0 100 100 0 50 100 0 100 100 0 0 0 0 0 10 50 0 100 10 10 0 0 100 0 0 100 100 100 0 0 0 10 0 0 0 10 100 0 0 0 0 10 50 
0 0 0 0 50 0 0 0 10 10 50 0 100 50 100 0 0 0 10 10 10 100 100 50 0 0 10 100 100 10 50 0 0 100 100 0 100 100 50 50 10 50 100 0 0 0 100 0 0 50 100 0 0 0 
10 0 0 0 50 50 10 10 0 100 50 0 0 0 50 100 50 0 100 50 0 10 0 10 0 50 0 100 100 0 50 0 50 0 100 50 0 50 100 0 0 0 0 0 0 0 0 50 50 0 0 10 50 10 
50 0 50 50 0 0 0 0 10 100 0 100 100 50 0 10 0 0 50 50 0 10 0 0 0 50 100 50 0 100 50 50 0 0 50 0 10 0 100 0 50 10 0 0 0 10 100 0 50 50 50 0 100 100 
10 0 0 50 0 0 0 100 0 10 0 0 0 50 0 0 10 0 0 100 100 0 10 100 0 0 10 0 100 0 0 0 0 0 50 0 50 0 0 100 0 0 10 0 10 10 100 10 50 0 50 100 100 10 
100 100 0 10 0 0 0 0 0 100 100 0 0 0 10 0 50 0 50 10 0 0 0 0 0 0 10 0 0 0 100 100 100 0 10 0 0 10 50 0 0 0 0 100 0 0 0 0 0 100 100 50 50 0 
0 0 0 10 0 100 0 0 10 0 100 0 10 50 50 50 0 0 0 100 100 100 10 0 0 0 0 10 0 50 0 0 100 100 100 0 100 0 100 10 10 10 0 0 10 10 0 10 100 0 100 100 100 50 
0 0 10 0 10 0 0 10 0 0 10 0 0 0 0 0 100 0 0 10 0 0 0 10 100 0 50 0 10 0 0 0 0 100 0 10 10 0 0 10 0 10 0 0 0 10 10 0 0 0 0 0 0 0 
0 0 10 100 100 10 100 0 0 0 100 10 100 10 0 0 0 50 10 100 50 10 0 0 100 0 100 0 0 100 100 0 0 0 0 0 100 10 100 10 0 0 0 10 100 0 50 0 50 100 50 0 100 50 
0 0 50 50 0 0 100 100 10 100 0 100 0 100 10 0 50 0 0 100 100 0 0 100 10 100 0 0 10 0 0 0 0 0 100 0 0 50 10 0 0 100 100 100 0 0 0 100 50 100 0 100 0 50 
10 0 0 0 100 0 0 0 0 10 100 0 0 50 0 50 0 0 0 10 0 100 50 50 0 10 10 50 100 0 0 50 100 0 100 10 0 50 50 0 0 0 0 0 100 0 100 10 10 10 0 10 0 0 
10 100 100 0 100 0 0 10 0 100 0 0 0 0 10 100 0 50 50 50 0 100 100 0 50 100 50 10 0 50 0 0 0 100 0 0 0 0 100 0 50 0 0 0 0 10 0 10 10 0 0 10 10 0 
0 100 50 0 50 50 0 50 0 10 100 50 0 0 10 100 100 50 100 100 0 10 0 0 0 10 0 0 50 100 100 50 100 100 0 0 0 50 50 50 10 100 0 0 100 100 0 50 50 0 0 100 0 10 
50 0 100 50 0 0 10 50 0 0 10 0 10 10 0 0 50 0 100 50 10 0 0 0 10 0 100 0 0 10 0 0 100 0 0 0 0 0 100 100 0 10 10 100 0 100 100 0 10 0 100 0 0 0 
50 50 0 100 10 0 0 50 0 0 0 50 100 100 0 0 0 0 0 0 0 0 0 0 100 50 0 50 100 100 0 50 0 50 100 0 0 0 10 100 0 0 10 100 100 10 0 50 10 0 10 0 100 0 
0 100 0 50 0 10 50 0 100 0 50 0 0 100 50 0 0 10 0 0 100 50 0 50 100 100 100 0 0 0 50 10 50 100 50 0 100 0 100 10 50 100 10 50 0 50 50 0 0 50 100 100 10 0 
10 0 0 0 0 0 0 0 0 50 0 0 50 50 0 0 10 0 0 50 0 50 10 0 10 0 10 0 0 0 0 50 0 0 100 0 100 100 100 0 0 0 100 10 100 50 0 100 0 0 0 100 0 100 
0 100 10 100 50 0 50 0 0 10 0 0 50 100 100 0 0 0 0 10 0 10 0 100 50 10 0 0 50 0 10 10 50 0 0 0 100 100 0 0 50 50 100 0 100 100 100 100 0 100 100 10 10 50 
0 100 10 50 50 100 10 100 10 100 100 10 50 100 50 0 0 50 10 0 0 50 50 0 0 0 0 10 0 0 50 50 100 50 100 100 0 100 0 100 50 10 0 0 10 0 50 0 10 50 0 100 0 50 
0 0 10 0 0 100 0 100 0 50 100 0 0 0 10 0 100 0 0 0 0 50 0 100 0 50 0 50 50 0 100 100 50 0 0 10 0 50 50 10 10 0 50 10 0 0 100 0 100 50 0 0 100 100 
50 0 100 10 10 0 0 100 0 10 0 100 100 10 0 0 50 50 10 50 50 0 0 0 0 50 0 10 10 10 50 100 0 0 50 10 100 50 10 100 0 0 100 0 0 0 50 10 100 100 10 0 10 100 
100 0 100 0 0 10 0 10 0 0 0 50 100 0 0 0 0 10 0 50 0 0 0 100 100 0 0 10 50 100 100 10 50 50 0 0 10 0 100 10 50 0 0 100 0 0 10 0 100 0 50 100 50 0 
100 0 50 10 0 100 0 0 10 0 100 50 0 0 0 0 50 0 100 0 100 0 100 0 100 100 0 100 50 10 50 0 100 0 100 0 0 0 0 0 0 100 0 50 0 0 100 0 0 0 0 10 10 0 
10 0 0 0 0 0 0 0 100 100 10 0 50 0 10 100 100 10 50 0 0 0 100 100 0 0 0 100 50 0 10 10 0 100 100 100 0 0 10 0 50 50 0 100 0 0 10 0 0 10 10 0 0 0 
50 10 0 50 50 0 0 0 0 0 100 10 100 10 0 50 100 0 10 0 50 50 0 100 0 0 0 0 10 0 0 50 100 100 0 10 0 0 10 10 50 50 0 100 10 0 50 50 0 0 0 100 10 0 
100 50 10 0 100 10 10 0 50 100 0 10 50 0 100 0 100 10 0 0 0 0 0 0 0 0 0 10 10 100 50 100 100 0 100 0 0 100 0 0 50 0 50 10 0 0 0 0 0 0 100 100 0 50 
0 0 100 100 50 0 0 10 0 0 0 50 10 0 0 50 0 0 0 10 50 10 10 100 100 0 10 0 50 0 0 100 50 0 100 0 0 0 0 10 0 0 0 10 10 100 0 10 100 50 0 0 50 0 
0 100 100 100 0 100 0 0 10 0 10 100 0 50 0 100 0 0 50 0 50 10 50 50 50 10 10 50 0 0 0 0 50 10 10 50 0 100 50 100 0 0 0 50 0 100 10 10 10 100 50 0 0 0 
0 10 10 0 100 0 0 50 0 100 0 0 50 100 10 100 0 0 0 0 0 10 100 10 0 0 100 0 0 0 0 50 10 100 0 0 0 0 0 0 10 0 0 0 0 100 0 0 0 50 50 0 0 0 
0 10 50 50 50 0 100 0 0 100 0 0 0 100 0 0 50 0 10 50 100 50 100 50 10 0 50 0 0 0 0 100 0 10 50 0 50 0 0 0 10 0 100 10 100 100 10 50 50 0 10 0 50 0 
0 0 0 0 50 0 100 0 0 0 0 50 0 50 0 50 10 50 10 50 100 100 10 0 10 50 100 100 0 50 100 0 50 50 0 0 100 100 0 100 0 0 100 10 0 10 100 100 50 10 0 0 10 0 
50 0 0 50 0 0 100 100 0 0 0 100 0 100 100 0 50 0 50 100 50 0 50 100 0 100 100 50 50 10 0 50 0 0 100 0 50 10 0 0 0 10 100 50 50 0 50 100 0 10 0 50 0 10 
100 100 100 0 0 0 0 100 100 0 0 0 100 100 0 50 100 0 0 50 0 0 50 0 100 100 0 0 10 100 10 50 0 0 50 0 10 0 50 0 50 0 0 0 0 100 100 0 100 50 100 50 50 100 
0 0 100 100 50 50 10 100 0 0 100 100 0 0 0 100 50 100 0 100 0 50 0 100 100 0 100 100 10 0 50 0 100 50 0 0 0 0 0 0 10 100 50 0 0 0 50 10 0 0 0 0 0 100 
0 0 0 50 0 0 0 0 10 0 0 10 0 0 0 0 0 0 0 100 10 10 0 0 100 10 0 0 50 0 0 0 0 0 0 0 0 0 0 0 0 0 0 0 0 0 10 10 0 100 0 0 0 0 
50 100 100 0 10 50 0 100 10 100 0 0 0 0 0 0 100 100 100 0 0 100 10 0 0 0 0 0 0 0 50 100 50 10 0 0 0 0 0 50 0 0 0 100 0 0 100 0 50 0 0 0 0 0 
0 100 100 50 0 0 10 0 0 10 50 50 0 50 0 0 0 100 100 100 50 50 0 0 0 0 100 0 100 0 0 100 10 0 0 0 0 0 0 10 10 50 0 0 0 100 0 0 100 100 10 0 50 50 
10 100 50 100 100 0 50 100 0 100 10 50 100 50 100 10 100 100 0 0 50 10 100 0 10 10 0 0 50 0 0 0 0 50 0 0 0 0 0 0 0 0 0 0 50 0 50 0 0 0 0 100 0 100 
100 0 50 0 0 100 0 10 10 10 0 0 0 50 100 100 10 0 0 100 10 100 10 0 0 10 0 10 100 0 0 100 0 0 0 0 50 10 0 0 0 0 100 100 0 0 100 10 0 0 0 10 0 0 
100 0 10 0 50 0 0 10 0 0 0 0 50 10 0 0 50 0 50 50 10 0 50 0 50 50 50 0 0 10 10 0 0 50 10 0 0 10 0 0 0 0 50 0 0 0 100 10 50 10 0 50 0 0 
50 0 50 0 10 0 0 10 10 0 100 0 0 100 10 0 100 0 50 10 0 0 0 100 50 50 0 0 0 0 0 0 10 0 100 0 0 50 0 0 0 0 10 10 50 0 0 0 0 0 100 0 0 50 
0 10 100 0 0 10 0 0 0 0 100 0 0 0 10 10 10 100 100 0 50 100 0 0 0 0 50 0 0 0 100 100 100 0 50 0 0 0 0 100 50 10 0 0 50 10 0 50 100 100 10 100 50 0 
50 0 0 0 0 0 100 0 0 10 100 0 0 0 100 100 50 10 0 0 10 0 100 50 100 100 10 10 50 0 10 10 50 0 0 0 100 0 0 100 0 10 0 0 0 0 50 0 0 100 100 0 0 0 
0 0 0 0 0 10 0 10 0 100 0 100 0 100 0 100 0 100 100 10 0 0 0 0 0 10 0 10 0 0 100 0 50 0 0 0 0 0 50 0 0 50 50 0 0 0 50 0 0 100 0 100 10 0 
10 0 0 0 10 10 0 10 10 0 0 0 10 100 100 10 50 50 100 0 0 0 0 0 0 0 0 100 100 100 100 10 0 100 0 0 0 100 0 0 0 0 10 0 0 0 50 10 0 50 10 10 50 0 
10 10 100 0 100 100 0 0 10 50 0 100 0 0 100 0 50 0 100 50 100 50 10 100 10 50 0 0 10 0 10 100 50 100 50 10 100 0 50 100 100 0 0 50 50 50 0 10 0 0 0 0 0 0 
0 100 0 50 0 10 0 10 0 0 100 10 10 50 0 50 0 100 100 0 0 10 0 0 0 50 0 10 10 0 50 100 100 0 10 10 0 0 0 10 10 0 50 0 0 10 10 0 50 10 100 0 10 0 
0 0 0 50 50 50 0 100 0 50 50 10 10 50 10 10 0 0 0 10 100 100 100 0 0 0 0 100 10 0 50 50 0 100 0 0 50 100 0 0 50 0 100 0 0 0 0 50 0 0 100 100 10 10 
50 0 50 0 50 0 100 0 0 100 100 10 0 0 0 0 50 0 100 50 50 100 0 0 10 0 0 50 100 50 0 10 10 50 0 100 0 100 0 0 10 0 100 100 100 50 0 10 0 0 0 0 0 10 
100 0 100 0 50 50 100 100 0 50 0 0 0 0 100 10 100 0 100 0 0 10 50 0 10 0 100 0 50 50 10 0 0 100 0 0 0 10 0 0 0 100 10 100 0 10 0 100 100 0 0 0 0 0 
0 0 0 10 0 100 50 100 0 0 100 10 10 100 0 0 100 100 10 100 0 0 100 10 0 100 100 0 0 0 0 0 50 50 0 0 0 0 100 10 50 0 100 0 100 10 0 0 100 0 0 0 0 0 
0 10 0 50 100 100 50 100 0 100 0 0 10 0 0 100 10 0 10 0 100 10 50 10 0 10 0 50 0 0 50 10 0 50 0 0 0 50 0 0 0 0 50 0 10 50 0 10 10 0 0 0 0 100 
100 50 0 10 100 10 0 50 0 50 50 0 0 10 0 0 0 100 50 50 100 100 0 0 0 0 50 0 0 0 0 0 10 100 100 0 0 50 100 0 0 50 0 0 0 0 0 0 10 10 0 0 100 0 
60 40 60 40 80 100 40 60 
10 20 10 5 20 5 10 10 20 20 10 10 10 5 20 20 10 5 10 10 20 20 10 10 20 20 5 5 20 5 10 10 20 10 10 10 20 5 10 
0 0 0 0 0 10 0 10 50 100 10 10 50 100 50 0 10 10 0 0 50 0 0 100 100 100 0 0 100 50 0 0 0 100 0 100 0 100 0 
0 0 0 0 0 10 50 10 0 50 0 50 0 0 100 10 0 100 0 100 10 0 10 0 50 100 0 0 50 50 50 0 50 100 0 50 100 50 0 
0 0 0 10 0 50 50 10 10 10 0 100 10 0 0 50 100 100 0 0 10 10 0 0 0 0 0 50 0 50 50 50 100 50 0 0 0 0 0 
0 0 10 0 0 0 0 0 50 10 0 100 10 0 100 0 50 0 50 50 0 0 0 0 0 100 100 50 10 0 0 10 0 0 0 0 100 10 10 
0 0 0 0 0 0 0 0 100 50 0 50 100 100 0 100 0 100 0 0 0 0 100 10 0 0 100 100 100 0 100 100 0 0 0 50 50 0 0 
10 10 50 0 0 0 0 10 50 10 0 10 50 50 0 100 100 100 100 0 10 0 10 50 100 10 0 0 10 0 0 10 50 0 10 50 0 10 0 
0 50 50 0 0 0 0 0 0 100 100 0 0 100 10 0 0 0 0 100 10 0 0 0 10 50 10 100 10 50 50 50 100 50 50 100 50 50 0 
10 10 10 0 0 10 0 0 0 0 0 100 10 0 0 50 50 0 0 0 10 10 100 50 0 0 100 0 0 0 10 0 10 0 0 0 10 50 0 
50 0 10 50 100 50 0 0 0 0 0 0 0 0 50 100 100 0 10 100 50 0 50 100 100 0 0 10 0 0 0 0 100 0 0 0 10 0 10 
100 50 10 10 50 10 100 0 0 0 0 50 100 0 100 100 0 100 10 0 100 100 0 10 0 50 0 0 100 50 0 0 10 0 0 0 10 0 0 
10 0 0 0 0 0 100 0 0 0 0 0 0 10 0 0 0 0 50 0 0 0 0 100 0 0 0 0 0 100 0 50 50 100 10 50 100 0 0 
10 50 100 100 50 10 0 100 0 50 0 0 0 0 100 100 10 0 100 10 50 50 0 100 0 50 100 0 10 100 0 0 0 0 50 100 10 50 0 
50 0 10 10 100 50 0 10 0 100 0 0 0 0 100 0 100 0 10 100 0 50 0 50 10 10 50 50 10 0 100 100 0 10 0 0 0 10 0 
100 0 0 0 100 50 100 0 0 0 10 0 0 0 0 0 100 0 0 50 100 50 0 100 50 0 0 100 0 0 0 0 0 50 0 0 0 0 0 
50 100 0 100 0 0 10 0 50 100 0 100 100 0 0 0 100 0 0 0 10 0 10 50 0 10 10 0 0 0 50 100 100 0 10 10 0 0 0 
0 10 50 0 100 100 0 50 100 100 0 100 0 0 0 0 0 50 0 0 50 50 0 0 100 0 100 0 50 0 0 100 0 0 0 0 100 0 0 
10 0 100 50 0 100 0 50 100 0 0 10 100 100 100 0 0 0 0 50 50 100 50 50 0 0 100 50 0 100 0 10 50 0 0 0 50 10 50 
10 100 100 0 100 100 0 0 0 100 0 0 0 0 0 50 0 0 100 0 100 50 10 10 0 10 0 0 10 0 0 50 0 0 100 0 0 100 50 
0 0 0 50 0 100 0 0 10 10 50 100 10 0 0 0 0 100 0 0 50 100 0 50 10 0 50 0 10 100 0 10 100 0 100 0 0 0 0 
0 100 0 50 0 0 100 0 100 0 0 10 100 50 0 0 50 0 0 0 0 0 50 100 0 50 10 10 50 100 0 10 0 0 0 0 0 0 100 
50 10 10 0 0 10 10 10 50 100 0 50 0 100 10 50 50 100 50 0 0 0 100 10 100 0 50 0 0 10 0 50 0 50 10 0 100 100 10 
0 0 10 0 0 0 0 10 0 100 0 50 50 50 0 50 100 50 100 0 0 0 0 0 0 0 0 50 10 50 50 100 0 0 0 10 0 100 10 
0 10 0 0 100 10 0 100 50 0 0 0 0 0 10 0 50 10 0 50 100 0 0 0 50 50 0 10 0 0 0 0 50 100 100 0 100 10 50 
100 0 0 0 10 50 0 50 100 10 100 100 50 100 50 0 50 10 50 100 10 0 0 0 0 0 0 50 0 0 10 0 0 0 0 10 100 100 0 
100 50 0 0 0 100 10 0 100 0 0 0 10 50 0 100 0 0 10 0 100 0 50 0 0 10 0 100 0 0 0 0 50 10 10 50 0 50 0 
100 100 0 100 0 10 50 0 0 50 0 50 10 0 10 0 0 10 0 50 0 0 50 0 10 0 10 100 50 0 100 10 50 0 0 0 0 10 0 
0 0 0 100 100 0 10 100 0 0 0 100 50 0 10 100 100 0 50 10 50 0 0 0 0 10 0 10 0 100 0 10 100 0 100 10 100 0 0 
0 0 50 50 100 0 100 0 10 0 0 0 50 100 0 0 50 0 0 10 0 50 10 50 100 100 10 0 0 50 0 10 0 0 0 0 100 0 100 
100 50 0 10 100 10 10 0 0 100 0 10 10 0 0 50 0 10 10 50 0 10 0 0 0 50 0 0 0 100 10 100 0 0 50 0 10 10 0 
50 50 50 0 0 0 50 0 0 50 100 100 0 0 0 0 100 0 100 100 10 50 0 0 0 0 100 50 100 0 100 0 0 10 0 0 0 0 0 
0 50 50 0 100 0 50 10 0 0 0 0 100 0 50 0 0 0 0 0 0 50 0 10 0 100 0 0 10 100 0 10 0 0 50 0 100 10 10 
0 0 50 10 100 10 50 0 0 0 50 0 100 0 100 100 10 50 10 10 50 100 0 0 0 10 10 10 100 0 10 0 0 0 10 0 10 100 0 
0 50 100 0 0 50 100 10 100 10 50 0 0 0 100 0 50 0 100 0 0 0 50 0 50 50 100 0 0 0 0 0 0 0 0 50 50 50 0 
100 100 50 0 0 0 50 0 0 0 100 0 10 50 0 0 0 0 0 0 50 0 100 0 10 0 0 0 0 10 0 0 0 0 0 10 100 0 100 
0 0 0 0 0 10 50 0 0 0 10 50 0 0 10 0 0 100 100 0 10 0 100 0 10 0 100 0 50 0 50 10 0 0 0 0 0 0 0 
100 50 0 0 50 50 100 0 0 0 50 100 0 0 10 0 0 0 0 0 0 10 0 10 50 0 10 0 0 0 0 0 50 10 0 0 50 0 10 
0 100 0 100 50 0 50 10 10 10 100 10 0 0 0 100 50 0 0 0 100 0 100 100 0 0 100 100 10 0 100 10 50 100 0 50 0 0 100 
100 50 0 10 0 10 50 50 0 0 0 50 10 0 0 0 10 100 0 0 100 100 10 100 50 10 0 0 10 0 10 100 50 0 0 0 0 0 0 
0 0 0 10 0 0 0 0 10 0 0 0 0 0 0 0 50 50 0 100 10 10 50 0 0 0 0 100 0 0 10 0 0 100 0 10 100 0 0 
60 80 100 40 60 80 80 60 
10 20 20 10 20 10 10 10 10 20 10 10 10 20 20 10 20 10 5 20 10 5 5 20 5 10 5 20 5 10 10 5 10 10 10 5 20 5 10 10 10 20 20 10 10 20 5 
0 100 100 0 0 0 100 10 100 100 0 10 0 100 100 0 0 100 0 0 100 100 0 0 10 0 100 0 0 0 100 100 100 100 0 100 50 10 0 0 0 50 10 50 0 50 0 
100 0 100 100 0 100 50 10 0 10 0 50 0 50 100 0 100 10 50 10 100 50 0 0 0 10 10 100 10 50 0 0 0 0 0 0 10 0 0 10 0 0 0 0 0 100 50 
100 100 0 0 100 0 0 0 0 0 0 0 50 50 10 10 100 0 0 0 10 100 100 50 0 50 100 100 0 10 50 100 100 10 10 50 0 50 10 0 50 0 100 0 10 10 0 
0 100 0 0 0 10 50 10 0 0 100 0 0 0 0 0 0 0 0 0 0 50 0 0 0 0 0 100 0 0 0 50 0 50 50 100 0 0 10 100 0 0 10 0 50 100 0 
0 0 100 0 0 100 50 50 50 10 0 0 0 0 10 50 0 0 50 0 100 50 100 0 0 100 50 50 0 0 0 0 10 0 10 10 100 100 100 0 0 50 10 50 10 0 100 
0 100 0 10 100 0 50 50 50 0 0 50 0 0 50 0 10 50 100 0 100 0 0 100 50 0 0 100 0 10 0 50 10 0 0 0 10 10 0 10 0 10 0 0 0 0 0 
100 50 0 50 50 50 0 100 50 0 10 10 0 0 0 50 0 0 10 0 0 100 50 0 0 0 100 0 0 0 0 0 10 0 0 100 0 100 0 100 0 0 50 50 100 0 0 
10 10 0 10 50 50 100 0 0 100 0 100 0 0 100 0 50 10 0 10 0 50 50 100 100 0 0 100 0 0 10 0 0 10 10 100 0 0 50 0 0 0 10 100 0 0 0 
100 0 0 0 50 50 50 0 0 50 50 50 10 0 50 10 100 0 50 50 0 0 50 0 0 0 0 0 10 0 100 0 0 10 0 0 0 0 100 100 10 10 100 0 100 100 50 
100 10 0 0 10 0 0 100 50 0 0 50 0 100 10 0 0 0 100 0 0 10 0 0 100 100 0 0 0 0 50 0 10 100 0 100 100 100 100 0 50 100 0 100 50 100 0 
0 0 0 100 0 0 10 0 50 0 0 50 10 0 0 0 0 50 0 0 100 0 100 0 0 50 0 10 0 10 0 100 0 0 0 100 50 0 100 0 0 50 50 0 50 50 0 
10 50 0 0 0 50 10 100 50 50 50 0 100 10 0 100 0 50 0 0 0 100 100 100 50 0 50 0 100 0 0 100 0 0 0 0 0 50 100 10 100 0 100 0 100 50 50 
0 0 50 0 0 0 0 0 10 0 10 100 0 0 0 10 50 0 100 0 0 10 10 100 0 0 10 0 100 0 0 10 0 0 100 50 10 0 10 0 0 100 100 0 50 50 10 
100 50 50 0 0 0 0 0 0 100 0 10 0 0 0 10 0 0 10 10 100 100 0 0 0 100 100 100 0 0 10 0 10 0 0 0 0 0 10 100 100 0 0 0 0 100 0 
100 100 10 0 10 50 0 100 50 10 0 0 0 0 0 0 100 100 10 10 50 10 50 10 10 50 10 50 100 0 0 0 0 0 50 10 0 0 50 0 0 0 10 0 100 100 0 
0 0 10 0 50 0 50 0 10 0 0 100 10 10 0 0 50 0 100 0 0 10 50 0 0 50 10 0 10 10 50 50 0 10 0 0 0 50 0 0 10 50 10 100 10 50 10 
0 100 100 0 0 10 0 50 100 0 0 0 50 0 100 50 0 10 10 50 10 100 0 0 0 0 100 10 0 10 0 10 100 0 50 0 100 0 50 0 0 100 0 10 0 10 100 
100 10 0 0 0 50 0 10 0 0 50 50 0 0 100 0 10 0 0 0 10 0 50 100 0 0 0 100 0 100 0 0 10 10 0 0 50 50 0 50 0 0 50 0 0 0 0 
0 50 0 0 50 100 10 0 50 100 0 0 100 10 10 100 10 0 0 10 0 0 0 0 10 100 0 0 0 0 0 0 10 0 0 10 0 0 10 0 0 0 0 10 0 0 0 
0 10 0 0 0 0 0 10 50 0 0 0 0 10 10 0 50 0 10 0 0 0 100 0 0 0 0 100 0 0 0 0 50 0 50 0 0 100 50 10 0 0 10 100 10 0 0 
100 100 10 0 100 100 0 0 0 0 100 0 0 100 50 0 10 10 0 0 0 100 0 50 10 100 0 100 0 50 50 0 0 0 100 100 0 10 0 50 0 50 100 50 10 100 50 
100 50 100 50 50 0 100 50 0 10 0 100 10 100 10 10 100 0 0 0 100 0 0 100 0 0 10 0 10 0 0 50 10 10 0 50 0 0 0 100 100 0 0 50 0 100 50 
0 0 100 0 100 0 50 50 50 0 100 100 10 0 50 50 0 50 0 100 0 0 0 10 0 100 0 0 10 10 0 0 100 10 50 10 10 0 100 100 100 0 0 0 100 10 0 
0 0 50 0 0 100 0 100 0 0 0 100 100 0 10 0 0 100 0 0 50 100 10 0 0 50 0 100 10 0 50 10 0 0 50 0 0 0 50 100 100 0 10 0 10 0 0 
10 0 0 0 0 50 0 100 0 100 0 50 0 0 10 0 0 0 10 0 10 0 0 0 0 0 100 10 0 10 50 0 0 0 10 0 0 10 0 0 0 0 0 0 0 0 100 
0 10 50 0 100 0 0 0 0 100 50 0 0 100 50 50 0 0 100 0 100 0 100 50 0 0 50 0 100 0 10 10 100 0 100 0 10 0 100 0 0 0 0 0 100 100 0 
100 10 100 0 50 0 100 0 0 0 0 50 10 100 10 10 100 0 0 0 0 10 0 0 100 50 0 0 100 0 0 0 0 100 0 0 100 0 50 0 0 0 50 10 0 50 10 
0 100 100 100 50 100 0 100 0 0 10 0 0 100 50 0 10 100 0 100 100 0 0 100 10 0 0 0 0 100 0 0 0 10 10 100 0 0 50 0 10 0 0 0 50 0 0 
0 10 0 0 0 0 0 0 10 0 0 100 100 0 100 10 0 0 0 0 0 10 10 10 0 100 100 0 0 100 0 0 100 100 50 50 50 100 50 10 50 0 0 0 10 0 100 
0 50 10 0 0 10 0 0 0 0 10 0 0 0 0 10 10 100 0 0 50 0 10 0 10 0 0 100 100 0 50 100 50 100 50 10 50 0 0 50 0 0 0 0 0 0 0 
100 0 50 0 0 0 0 10 100 50 0 0 0 10 0 50 0 0 0 0 50 0 0 50 50 10 0 0 0 50 0 50 10 0 0 100 0 100 50 0 100 50 50 50 0 0 0 
100 0 100 50 0 50 0 0 0 0 100 100 10 0 0 50 10 0 0 0 0 50 0 10 0 10 0 0 0 100 50 0 0 100 50 100 0 0 10 10 0 0 0 50 0 0 0 
100 0 100 0 10 10 10 0 0 10 0 0 0 10 0 0 100 10 10 50 0 10 100 0 0 100 0 0 100 50 10 0 0 0 100 0 0 0 0 0 0 50 0 100 10 0 0 
100 0 10 50 0 0 0 10 10 100 0 0 0 0 0 10 0 10 0 0 0 10 10 0 0 0 100 10 100 100 0 100 0 0 0 100 100 100 0 0 100 10 100 0 10 0 0 
0 0 10 50 10 0 0 10 0 0 0 0 100 0 50 0 50 0 0 50 100 0 50 50 10 100 0 10 50 50 0 50 100 0 0 0 0 0 0 50 0 50 100 100 0 10 100 
100 0 50 100 10 0 100 100 0 100 100 0 50 0 10 0 0 0 10 0 100 50 10 0 0 0 0 100 50 10 100 100 0 100 0 0 50 0 100 100 50 100 0 10 10 100 50 
50 10 0 0 100 10 0 0 0 100 50 0 10 0 0 0 100 50 0 0 0 0 10 0 0 10 100 0 50 50 0 0 0 100 0 50 0 0 0 0 50 0 100 0 100 50 100 
10 0 50 0 100 10 100 0 0 100 0 50 0 0 0 50 0 50 0 100 10 0 0 0 10 0 0 0 100 0 100 0 0 100 0 0 0 0 0 50 0 10 0 50 0 100 100 
0 0 10 10 100 0 0 50 100 100 100 100 10 10 50 0 50 0 10 50 0 0 100 50 0 100 50 50 50 0 50 10 0 0 0 100 0 0 0 10 0 0 0 100 0 10 50 
0 10 0 100 0 10 100 0 100 0 0 10 0 100 0 0 0 50 0 10 50 100 100 100 0 0 0 0 10 50 0 10 0 0 50 100 0 50 10 0 50 50 0 50 0 0 100 
0 0 50 0 0 0 0 0 10 50 0 100 0 100 0 10 0 0 0 0 0 100 100 100 0 0 0 10 50 0 100 0 0 100 0 50 50 0 0 50 0 50 0 0 0 0 100 
50 0 0 0 50 10 0 0 10 100 50 0 100 0 0 50 100 0 0 0 50 0 0 0 0 0 0 0 0 0 50 0 50 10 50 100 0 10 0 50 50 0 0 50 100 0 100 
10 0 100 10 10 0 50 10 100 0 50 100 100 0 10 10 0 50 0 10 100 0 0 10 0 0 50 0 0 0 50 0 0 100 100 0 100 0 0 0 0 0 0 0 0 100 0 
50 0 0 0 50 0 50 100 0 100 0 0 0 0 0 100 10 0 10 100 50 50 0 0 0 0 10 0 0 0 50 50 100 0 100 10 0 50 100 50 0 50 0 0 0 100 100 
0 0 10 50 10 0 100 0 100 50 50 100 50 0 100 10 0 0 0 10 10 0 100 10 0 100 0 50 10 0 0 0 10 10 0 10 100 0 0 0 0 100 0 0 0 10 50 
50 100 10 100 0 0 0 0 100 100 50 50 50 100 100 50 10 0 0 0 100 100 10 0 0 100 50 0 0 0 0 0 0 0 10 100 50 100 10 0 0 0 100 100 10 0 100 
0 50 0 0 100 0 0 0 50 0 0 50 10 0 0 10 100 0 0 0 50 50 0 0 100 0 10 0 100 0 0 0 0 0 100 50 100 100 50 100 100 100 0 100 50 100 0 
40 100 60 60 100 60 40 60 
10 5 5 20 5 5 10 20 10 10 5 20 5 5 5 5 10 5 5 20 10 20 20 10 10 10 10 20 10 10 10 5 20 5 10 10 20 5 5 10 20 20 20 20 20 5 
0 50 10 10 100 10 100 0 50 0 0 10 0 0 0 100 50 0 50 100 0 0 0 0 0 100 0 10 0 0 10 50 100 10 100 10 0 0 0 50 10 0 0 0 10 0 
50 0 100 10 100 50 10 0 0 10 0 50 100 0 50 50 100 0 10 10 100 100 0 50 100 0 0 0 0 10 100 0 50 50 0 50 0 10 0 0 0 0 10 100 50 0 
10 100 0 100 50 0 0 0 0 50 100 50 0 50 10 0 0 0 50 0 100 100 100 0 100 0 0 100 100 0 0 0 10 0 50 50 50 0 50 0 100 0 0 100 0 100 
10 10 100 0 100 100 0 50 0 0 0 50 50 50 100 0 0 100 100 0 0 0 0 100 0 0 0 0 0 100 10 0 10 0 0 100 10 100 0 100 100 0 100 0 10 0 
100 100 50 100 0 10 0 0 10 50 0 50 100 0 50 0 50 0 50 10 100 0 10 100 0 10 100 0 100 0 0 0 50 0 0 10 100 100 0 50 0 100 10 100 100 0 
10 50 0 100 10 0 100 0 0 100 0 50 50 0 10 100 100 0 0 100 0 0 0 0 50 0 50 0 0 0 0 0 0 0 0 0 0 10 100 50 0 100 0 0 100 100 
100 10 0 0 0 100 0 0 100 0 0 100 100 50 0 100 0 100 100 0 0 0 100 100 0 0 100 0 50 0 0 100 0 10 10 0 10 10 10 0 50 0 50 10 0 50 
0 0 0 50 0 0 0 0 0 10 0 0 100 100 10 10 100 100 0 0 0 100 0 0 100 0 10 100 10 100 100 0 0 100 0 100 0 100 100 0 50 0 10 10 0 50 
50 0 0 0 10 0 100 0 0 50 0 100 0 0 0 0 0 0 0 0 10 0 100 0 0 0 0 50 0 0 0 100 10 50 10 0 0 0 100 100 0 100 100 100 50 0 
0 10 50 0 50 100 0 10 50 0 0 0 10 10 50 10 50 10 0 100 100 0 100 50 0 0 50 50 100 0 100 0 50 50 0 0 50 0 50 100 100 0 0 0 10 0 
0 0 100 0 0 0 0 0 0 0 0 10 100 0 100 100 0 0 10 0 10 100 0 10 10 50 10 0 100 10 0 10 10 10 0 10 0 0 50 50 10 0 100 0 100 50 
10 50 50 50 50 50 100 0 100 0 10 0 100 100 0 50 0 0 100 0 0 0 10 100 0 10 0 10 0 10 100 0 0 0 100 0 0 0 0 0 50 100 50 0 0 100 
0 100 0 50 100 50 100 100 0 10 100 100 0 50 0 50 0 10 10 0 100 50 100 100 100 50 0 0 0 0 0 100 0 0 0 50 100 100 0 0 0 0 10 0 50 10 
0 0 50 50 0 0 50 100 0 10 0 100 50 0 50 10 50 0 10 100 10 100 100 10 0 100 100 0 0 0 0 100 10 0 0 0 100 0 0 0 0 0 0 50 0 10 
0 50 10 100 50 10 0 10 0 50 100 0 0 50 0 10 100 10 10 0 10 0 0 100 50 0 0 100 100 50 100 10 0 0 0 0 100 0 0 0 50 10 100 100 100 50 
100 50 0 0 0 100 100 10 0 10 100 50 50 10 10 0 50 0 10 10 50 0 100 0 0 0 100 10 100 10 50 0 0 100 0 100 0 100 100 0 0 0 0 0 100 50 
50 100 0 0 50 100 0 100 0 50 0 0 0 50 100 50 0 0 50 50 0 0 0 0 100 50 100 0 10 50 0 100 10 0 100 50 0 0 100 0 50 50 0 0 0 0 
0 0 0 100 0 0 100 100 0 10 0 0 10 0 10 0 0 0 50 100 0 0 10 50 100 0 100 0 0 0 100 50 10 0 0 0 50 10 0 0 100 0 50 50 0 0 
50 10 50 100 50 0 100 0 0 0 10 100 10 10 10 10 50 50 0 10 50 50 0 50 50 100 100 100 0 0 0 0 0 0 0 50 100 0 100 0 50 10 0 10 0 10 
100 10 0 0 10 100 0 0 0 100 0 0 0 100 0 10 50 100 10 0 0 0 100 0 0 10 100 10 50 0 10 100 100 0 50 50 0 0 0 0 10 10 100 0 100 10 
0 100 100 0 100 0 0 0 10 100 10 0 100 10 10 50 0 0 50 0 0 0 10 10 100 0 50 0 50 0 10 0 50 0 10 100 0 10 0 0 100 10 0 50 0 0 
0 100 100 0 0 0 0 100 0 0 100 0 50 100 0 0 0 0 50 0 0 0 100 50 0 50 50 0 50 10 100 10 0 0 10 0 0 100 0 0 100 10 50 0 100 0 
0 0 100 0 10 0 100 0 100 100 0 10 100 100 0 100 0 10 0 100 10 100 0 0 100 100 0 100 0 0 10 0 10 50 0 0 0 100 0 100 0 0 10 0 0 0 
0 50 0 100 100 0 100 0 0 50 10 100 100 10 100 0 0 50 50 0 10 50 0 0 0 0 0 50 100 50 10 10 0 100 100 10 10 100 10 50 100 100 10 0 50 0 
0 100 100 0 0 50 0 100 0 0 10 0 100 0 50 0 100 100 50 0 100 0 100 0 0 0 0 50 50 50 50 100 100 0 0 100 0 0 50 0 0 50 0 10 10 0 
100 0 0 0 10 0 0 0 0 0 50 10 50 100 0 0 50 0 100 10 0 50 100 0 0 0 0 50 50 0 0 0 0 50 10 50 0 0 100 10 0 0 50 0 0 50 
0 0 0 0 100 50 100 10 0 50 10 0 0 100 0 100 100 100 100 100 50 50 0 0 0 0 0 10 100 0 0 0 0 50 0 0 100 100 10 0 0 0 10 0 10 100 
10 0 100 0 0 0 0 100 50 50 0 10 0 0 100 10 0 0 100 10 0 0 100 50 50 50 10 0 0 50 10 10 10 100 0 100 100 0 10 0 0 0 100 100 50 0 
0 0 100 0 100 0 50 10 0 100 100 0 0 0 100 100 10 0 0 50 50 50 0 100 50 50 100 0 0 0 50 50 10 0 10 10 100 50 0 0 0 50 100 0 100 0 
0 10 0 100 0 0 0 100 0 0 10 10 0 0 50 10 50 0 0 0 0 10 0 50 50 0 0 50 0 0 100 0 100 0 50 0 50 0 10 10 10 100 100 100 0 50 
10 100 0 10 0 0 0 100 0 100 0 100 0 0 100 50 0 100 0 10 10 100 10 10 50 0 0 10 50 100 0 50 100 10 0 0 0 0 0 0 0 50 0 0 100 10 
50 0 0 0 0 0 100 0 100 0 10 0 100 100 10 0 100 50 0 100 0 10 0 10 100 0 0 10 50 0 50 0 0 50 0 0 0 100 0 100 10 0 0 100 100 0 
100 50 10 10 50 0 0 0 10 50 10 0 0 10 0 0 10 10 0 100 50 0 10 0 100 0 0 10 10 100 100 0 0 0 100 50 50 100 0 100 100 100 0 50 100 0 
10 50 0 0 0 0 10 100 50 50 10 0 0 0 0 100 0 0 0 0 0 0 50 100 0 50 50 100 0 0 10 50 0 0 100 50 100 100 0 0 0 0 0 0 10 10 
100 0 50 0 0 0 10 0 10 0 0 100 0 0 0 0 100 0 0 50 10 10 0 100 0 10 0 0 10 50 0 0 100 100 0 0 0 10 100 0 100 0 0 0 50 0 
10 50 50 100 10 0 0 100 0 0 10 0 50 0 0 100 50 0 50 50 100 0 0 10 100 50 0 100 10 0 0 0 50 50 0 0 0 0 0 100 50 0 0 0 50 0 
0 0 50 10 100 0 10 0 0 50 0 0 100 100 100 0 0 50 100 0 0 0 0 10 0 0 100 100 100 50 0 0 50 100 0 0 0 100 0 0 0 10 0 0 0 100 
0 10 0 100 100 10 10 100 0 0 0 0 100 0 0 100 0 10 0 0 10 100 100 100 0 0 100 0 50 0 0 100 100 100 10 0 100 0 50 50 100 100 0 50 100 10 
0 0 50 0 0 100 10 100 100 50 50 0 0 0 0 100 100 0 100 0 0 0 0 10 50 100 10 10 0 10 0 0 0 0 100 0 0 50 0 0 0 100 0 10 10 100 
50 0 0 100 50 50 0 0 100 100 50 0 0 0 0 0 0 0 0 0 0 0 100 50 0 10 0 0 0 10 0 100 100 0 0 100 0 50 0 0 0 0 0 10 50 0 
10 0 100 100 0 0 50 50 0 100 10 50 0 0 50 0 50 100 50 10 100 100 0 100 0 0 0 0 0 10 0 10 100 0 100 50 0 100 0 0 0 100 100 0 10 0 
0 0 0 0 100 100 0 0 100 0 0 100 0 0 10 0 50 0 10 10 10 10 0 100 50 0 0 0 50 100 50 0 100 0 0 0 10 100 100 0 100 0 0 100 0 50 
0 10 0 100 10 0 50 10 100 0 100 50 10 0 100 0 0 50 0 100 0 50 10 10 0 50 10 100 100 100 0 0 0 0 0 0 0 0 0 0 100 0 0 100 100 0 
0 100 100 0 100 0 10 10 100 0 0 0 0 50 100 0 0 50 10 0 50 0 0 0 10 0 0 100 0 100 0 100 50 0 0 0 0 50 10 10 0 100 100 0 10 10 
10 50 0 10 100 100 0 0 50 10 100 0 50 0 100 100 0 0 0 100 0 100 0 50 10 0 10 50 100 0 100 100 100 10 50 50 0 100 10 50 10 0 100 10 0 50 
0 0 100 0 0 100 50 50 0 0 50 100 10 10 50 50 0 0 10 10 0 0 0 0 0 50 100 0 0 50 10 0 0 10 0 0 100 10 100 0 0 50 0 10 50 0 
